20
0 34 55 2 28 51 49 17 19 76 70 45 96 20 35 58 4 8 80 86
34 0 3 61 14 99 67 29 42 31 88 95 24 54 73 11 65 13 77 90
55 3 0 39 22 81 9 26 47 62 84 78 30 69 15 18 53 7 82 93
2 61 39 0 50 44 57 27 14 85 91 36 97 6 60 71 12 21 74 89
28 14 22 50 0 68 32 38 40 59 83 87 25 46 66 16 64 5 79 92
51 99 81 44 68 0 13 70 23 60 72 94 33 55 61 10 52 9 75 88
49 67 9 57 32 13 0 41 48 63 86 79 31 68 12 19 56 6 81 94
17 29 26 27 38 70 41 0 24 82 90 37 98 5 59 72 1 22 73 87
19 42 47 14 40 23 48 24 0 84 92 35 99 7 62 70 2 20 76 85
76 31 62 85 59 60 63 82 84 0 4 89 16 47 71 13 66 15 78 91
70 88 84 91 83 72 86 90 92 4 0 93 18 49 65 14 67 16 79 95
45 95 78 36 87 94 79 37 35 89 93 0 100 9 57 73 3 23 72 84
96 24 30 97 25 33 31 98 99 16 18 100 0 52 74 17 68 12 83 96
20 54 69 6 46 55 68 5 7 47 49 9 52 0 63 69 8 24 71 83
35 73 15 60 66 61 12 59 62 71 65 57 74 63 0 21 61 17 84 98
58 11 18 71 16 10 19 72 70 13 14 73 17 69 21 0 55 14 80 91
4 65 53 12 64 52 56 1 2 66 67 3 68 8 61 55 0 25 69 88
8 13 7 21 5 9 6 22 20 15 16 23 12 24 17 14 25 0 76 90
80 77 82 74 79 75 81 73 76 78 79 72 83 71 84 80 69 76 0 5
86 90 93 89 92 88 94 87 85 91 95 84 96 83 98 91 88 90 5 0
0 16 49 24 29 35 44 10 15 70 67 40 90 22 31 53 3 7 78 81
16 0 5 57 11 94 62 25 39 27 83 88 21 50 69 8 61 9 75 87
49 5 0 35 19 76 7 22 44 58 79 71 26 64 12 15 49 4 80 92
24 57 35 0 46 39 52 22 12 80 86 33 95 6 56 67 9 18 72 84
29 11 19 46 0 64 28 34 37 54 80 82 23 42 59 13 58 5 76 88
35 94 76 39 64 0 10 65 18 55 69 89 30 51 57 9 48 8 74 86
44 62 7 52 28 10 0 38 45 60 83 75 27 63 11 17 51 6 79 93
10 25 22 22 34 65 38 0 21 78 87 34 96 5 60 68 2 19 70 85
15 39 44 12 37 18 45 21 0 79 89 32 97 7 64 66 1 16 73 82
70 27 58 80 54 55 60 78 79 0 3 85 14 44 68 12 62 13 76 89
67 83 79 86 80 69 83 87 89 3 0 90 16 46 66 13 63 14 77 94
40 88 71 33 82 89 75 34 32 85 90 0 99 8 58 70 4 21 71 83
90 21 26 95 23 30 27 96 97 14 16 99 0 49 70 16 66 11 81 95
22 50 64 6 42 51 63 5 7 44 46 8 49 0 65 71 9 22 69 82
31 69 12 56 59 57 11 60 64 68 66 58 70 65 0 20 59 15 83 97
53 8 15 67 13 9 17 68 66 12 13 70 16 71 20 0 54 12 79 90
3 61 49 9 58 48 51 2 1 62 63 4 66 9 59 54 0 23 67 86
7 9 4 18 5 8 6 19 16 13 14 21 11 22 15 12 23 0 74 88
78 75 80 72 76 74 79 70 73 76 77 71 81 69 83 79 67 74 0 6
81 87 92 84 88 86 93 85 82 89 94 83 95 82 97 90 86 88 6 0
(817,857)
(734,695)
(581,369)
(418,412)
(960,269)
(347,795)
(599,532)
(142,846)
(267,289)
(915,623)
(655,654)
(720,778)
(877,905)
(199,715)
(820,433)
(364,254)
(101,388)
(455,142)
(543,960)
(639,991)
